ID,no_financial_services,other_only,mm_only,mm_plus
2352,0.0007800664948998639,0.0022055795075682765,0.11230295126894614,0.8847114027285856
8003,0.0297430921430302,0.14916422017211897,0.11649405023147143,0.7045986374533794
270,0.0009026088294056348,0.004659961291138421,0.04604494282570525,0.9483924870537507
1348,0.0005388227214367702,0.002453228619252695,0.08729149285060098,0.9097164558087095
4252,0.016424472391121762,0.11590991566897259,0.1315135785838459,0.7361520333560597
252,0.0019455496155045722,0.018197722936567313,0.05542778341456429,0.9244289440333638
1627,0.46454367043198885,0.5139427510395593,0.009516809902652568,0.011996768625799233
241,0.00021554374324868878,0.0007964561417212065,0.04899262373188386,0.9499953763831462
2924,0.001136005703692069,0.0045712124554642495,0.08015548710852324,0.9141372947323205
5199,0.0010789954107142377,0.003968499092309399,0.08357163740788408,0.9113808680890922
258,0.0003201549001970545,0.0015417822341286633,0.09512630355790308,0.9030117593077711
9017,0.001054463369796691,0.0017970271885921116,0.12469296809627932,0.872455541345332
3366,0.40245089887802715,0.5316743678577837,0.026990040507131396,0.038884692757057936
2962,0.4709856208640212,0.4293758943028216,0.044609513157543225,0.05502897167561403
6506,0.010562205904816392,0.03823022604349244,0.20531400814585793,0.7458935599058333
2612,0.36804504676136846,0.40312381466176,0.11563687456029267,0.11319426401657887
1402,0.0015668121990513866,0.004303308304650649,0.04042993951803687,0.9536999399782612
239,0.0004689193762618203,0.0011000660002385594,0.07111963646185263,0.927311378161647
7218,0.008041186464729337,0.08852312114164704,0.12045855063947679,0.7829771417541469
7577,0.008404084438201695,0.03397991678749029,0.12528168975483825,0.8323343090194698
6727,0.013314468483085783,0.03406465926671086,0.20991777541327705,0.7427030968369263
1206,0.045888129405527084,0.14637619243754427,0.1421667550043495,0.6655689231525792
3610,0.012657488951483022,0.043453192469880456,0.08564910433391953,0.858240214244717
7446,0.27203831204887186,0.6330443973353514,0.027274095667661046,0.0676431949481157
546,0.00909568555851397,0.02305577441625061,0.18548844877068899,0.7823600912545464
342,0.5517033622115253,0.3705504288575872,0.03798689210781716,0.03975931682307031
1953,0.01802426028967877,0.025517501401588684,0.2502245709990665,0.706233667309666
863,0.002115905399937801,0.005903370114715169,0.20467204233462413,0.7873086821507229
7359,0.0021615762963877777,0.0053024013545399235,0.18157896959169406,0.8109570527573783
1227,0.2901725952230678,0.5845457570755873,0.0406723322055716,0.0846093154957733
7325,0.19387911987196274,0.5332030244608705,0.09037989443935333,0.18253796122781346
3256,0.01120917444077178,0.03612442700301095,0.13979975364103764,0.8128666449151796
4865,0.27539184230430586,0.6684390013528462,0.016144948791268227,0.04002420755157956
315,0.000824824323017525,0.004090849550585627,0.06585450738596947,0.9292298187404274
749,0.0011395293842459487,0.0045354491055078,0.04198598602798905,0.9523390354822572
4193,0.0069930028517081275,0.048284367904105174,0.11400472239665375,0.8307179068475329
4545,0.5226617226150893,0.45822885197827157,0.007325414886878238,0.01178401051976088
890,0.019163632650179382,0.028525502975045313,0.16944201155026975,0.7828688528245056
3138,0.29604914786013137,0.6708436067579127,0.009355892015460065,0.023751353366496048
3412,0.2935483580425174,0.6469329173026812,0.01825415023215334,0.04126457442264818
3240,0.3828831326821525,0.5322040445688826,0.03515116132397779,0.0497616614249871
2622,0.0015276768201346834,0.00586627590279391,0.06689063071424924,0.9257154165628221
6739,0.2886630195862512,0.6581726779380221,0.015989701918869583,0.037174600556857194
6597,0.0012930029946533485,0.005637308847098907,0.08342503428009047,0.9096446538781572
3813,0.2663107801021905,0.6982057262822748,0.00891986216724503,0.026563631448289653
7445,0.2391905641910176,0.6969527866996144,0.01569684050990777,0.048159808599460216
3463,0.0022694509608586675,0.009441336069547395,0.15558252566513722,0.8327066873044567
847,0.001879141237084719,0.005390125265381047,0.1589116855678993,0.8338190479296349
685,0.6027043967259577,0.33974196843067517,0.032701263154263555,0.024852371689103626
3584,0.29470233247334626,0.668467644543476,0.008544113664895853,0.028285909318282
3585,0.20498422089608032,0.5995797844881828,0.054981221831084316,0.14045477278465263
8744,0.4174867894500153,0.5674793550767496,0.005930720665257499,0.009103134807977552
1082,0.4491089618474327,0.49545019725454753,0.021699811090234652,0.03374102980778517
9015,0.4718467237132554,0.46993049535579656,0.026548591518814613,0.03167418941213336
582,0.0024853069021229606,0.004837843121679131,0.10337180866866288,0.8893050413075351
4187,0.0012962548468171363,0.003588488005242145,0.166394462463396,0.8287207946845447
265,0.011686520013687324,0.018142564790634103,0.1706199348423134,0.7995509803533651
649,0.0004816624787968453,0.002604984432705142,0.03772245837020891,0.9591908947182891
1148,0.001423514964519403,0.002308424290667225,0.10736327106746892,0.8889047896773444
240,0.0005005616167143492,0.0016827331097325246,0.132044701854272,0.8657720034192811
2434,0.0004299296101913642,0.0016212962805268799,0.06015019870525301,0.9377985754040287
6538,0.00044456699367677365,0.0022555362425005104,0.02357752695421835,0.9737223698096045
300,0.0015168353002506067,0.0023642467007890617,0.14036239298762324,0.855756525011337
1157,0.14225262570669,0.5097444195877122,0.07478536143213749,0.2732175932734603
244,0.3993695917847574,0.38509087232174277,0.11764451897029381,0.0978950169232061
4345,0.006676872623158826,0.027794743317191502,0.1078652825057957,0.857663101553854
6721,0.007071712406897242,0.010103842659135566,0.2266058016116044,0.7562186433223628
7284,0.0023107475311410493,0.010900860012154227,0.21953003293258735,0.7672583595241174
2516,0.570875949302831,0.3467109599209865,0.038602706841657404,0.04381038393452506
8675,0.21553247950547955,0.7018390797594484,0.01847216621082976,0.06415627452424223
1947,0.0039832024067634475,0.017330001280916604,0.28372547677384424,0.6949613195384757
3642,0.01684941550571076,0.030821203201812416,0.26482144018595993,0.6875079411065169
3936,0.0431286679487031,0.14061718921889724,0.1809718236934796,0.6352823191389201
6778,0.001392276626120444,0.010005302113694796,0.13146550090943765,0.8571369203507472
8523,0.40093322427547534,0.5866203473859621,0.005140214377398074,0.007306213961164408
8736,0.010230125364576416,0.0404989900249071,0.1470377500200111,0.8022331345905053
2891,0.024835019358690532,0.03436467410290186,0.2186193373547542,0.7221809691836534
287,0.0012215729301134621,0.0068681358850420475,0.17258602879916152,0.819324262385683
6923,0.016338414694305303,0.04068631156690818,0.33218957768128726,0.6107856960574992
1955,0.0033265107790581656,0.022734614636753362,0.11077551378031279,0.8631633608038757
7292,0.013663463471076094,0.24026418075145012,0.1085573130437618,0.637515042733712
6726,0.002013902178127624,0.016623924756600874,0.12778548637531775,0.8535766866899538
7067,0.05365229234092316,0.2667584676682245,0.2218712538497552,0.4577179861410971
7785,0.2583922704474107,0.6828605497140744,0.016600171462781213,0.04214700837573367
7545,0.43276077171077343,0.5368718146308844,0.008314298844098794,0.022053114814243296
4239,0.3490339766857488,0.5792826422956115,0.02885487154909313,0.04282850946954652
6127,0.00040750636577975205,0.002220672711517464,0.07862423583554298,0.9187475850871597
6424,0.23562518347455003,0.7020002366006459,0.01618234454115555,0.046192235383648625
2422,0.31503803559677324,0.6220247754222404,0.023373915797525888,0.039563273183460444
6481,0.007008456414958187,0.04133746051814207,0.2480708882498525,0.7035831948170472
2291,0.00021469000040607659,0.0008937842305782984,0.02832171701733529,0.9705698087516804
8571,0.001650382240013362,0.003161824092496502,0.16958486372185436,0.8256029299456358
3580,0.2894897558248097,0.5846001525910447,0.03235505452716641,0.09355503705697923
8604,0.23512222206077646,0.5947558500801949,0.04744106772295784,0.1226808601360707
1668,0.03729793581499623,0.14921930157621435,0.09866598664684414,0.7148167759619453
3650,0.30915363313007516,0.6519939035005767,0.011454332681527624,0.02739813068782055
7271,0.0005685624883103701,0.003024427366765465,0.08328154695099083,0.9131254631939334
2024,0.1926278654332185,0.5923077950752194,0.05834097872519386,0.15672336076636836
1075,0.25639799938151264,0.6855245628907115,0.01723380714708903,0.040843630580686824
7444,0.4580533139263014,0.5151848203329812,0.007456998735155662,0.019304867005561797
7138,0.0016396617575199749,0.004213957615130214,0.2651416047184214,0.7290047759089283
4346,0.3770822098389286,0.5209391628354906,0.036395091680955526,0.06558353564462535
3634,0.47543736363410183,0.4945790615144152,0.008753369752852928,0.021230205098630002
9013,0.009505551183713969,0.025346245701890494,0.18060608794801875,0.7845421151663767
9054,0.4748711843829919,0.4869302618827209,0.01830767315748262,0.019890880576804746
1352,0.0015852560962974832,0.006251889182791178,0.17393537203116302,0.8182274826897483
7344,0.0018504013053582784,0.008983785406525576,0.1036048752359818,0.8855609380521343
243,0.0014829784159068715,0.007090262098183976,0.076013544118131,0.9154132153677782
3263,0.00030458893191235236,0.0008371093554147156,0.05071325503774012,0.9481450466749327
1149,0.0005491132747148838,0.0017874285069244217,0.08802528582826671,0.909638172390094
1690,0.05176564281741502,0.26463542508434834,0.21494444749622146,0.46865448460201503
1327,0.002621932024735732,0.006185595700519336,0.19598669451457185,0.7952057777601731
328,0.005394033916322182,0.01354938447926626,0.08526045601884763,0.895796125585564
6756,0.23369500850754404,0.46657476727126895,0.08891031319279112,0.21081991102839578
4247,0.18213624913710544,0.5928536534829619,0.06169701301615952,0.16331308436377315
3930,0.1431470420520549,0.5658519530996945,0.06503029465919469,0.22597071018905587
7796,0.0014283524425689187,0.004191504160503649,0.11019928806305931,0.8841808553338683
6257,0.0015424920048404765,0.010023518299974239,0.10460021429787228,0.883833775397313
1921,0.5062195165703514,0.46083934866358434,0.006717696592951587,0.026223438173112654
8280,0.3615133371995445,0.5337677697589434,0.04103146333315213,0.06368742970836
4606,0.3599107748322566,0.5943594669672333,0.015479118360459697,0.030250639840050338
7366,0.617269856736381,0.3652091085559501,0.006221402114466839,0.011299632593201932
7881,0.0021684811119344416,0.0044304203701426145,0.22126428475764295,0.77213681376028
8001,0.3184061245008627,0.5990724189551216,0.0292673309817978,0.053254125562217834
1150,0.42774922045290303,0.4641600987741927,0.04596185356101263,0.062128827211891655
882,0.12512487855215176,0.09826117438496333,0.2801214656438357,0.49649248141904917
8500,0.010919647016817888,0.019069052385109097,0.427784628864901,0.542226671733172
6361,0.006256327309014737,0.005967289437495785,0.2650671762750154,0.7227092069784741
3609,0.00209985602316335,0.004775709085547954,0.1943136604044637,0.798810774486825
571,0.8151939071611195,0.1698371885398715,0.007042353548432431,0.007926550750576626
1074,0.4659471112599381,0.4759267127890387,0.02124698646061801,0.036879189490404966
5102,0.21088213107003304,0.5557960656749288,0.06653126220660434,0.16679054104843385
9041,0.5177404530013038,0.4687639185998554,0.003975990894503309,0.00951963750433745
7940,0.36332402723495655,0.569086223938196,0.021369678338269662,0.04622007048857786
7360,0.5303641025589019,0.44166523621075626,0.012643725104477374,0.01532693612586453
1337,0.009907024243979065,0.013361262381610558,0.3272787058003361,0.6494530075740744
8811,0.7076998231792676,0.25632341279861076,0.023181886581339736,0.012794877440781928
2982,0.006525171316348527,0.027972636477490757,0.11651362342478917,0.8489885687813715
5822,0.0073921670978647725,0.02490068536541612,0.2126734753629738,0.7550336721737454
7597,0.0012030821665217515,0.002743015002574779,0.13123635201961312,0.8648175508112904
6738,0.0006289971105850319,0.002308181524940084,0.11540017565230319,0.8816626457121717
4818,0.42391320229937846,0.5483934888424502,0.008928305190413974,0.018765003667757303
336,0.014195147079643622,0.02057912776681827,0.15512252334339705,0.8101032018101411
2979,0.002540389519848963,0.0048403903733021,0.2646334446439113,0.7279857754629375
3429,0.44511803157094715,0.5257194780035594,0.011270239937495572,0.017892250487997818
1962,0.008650345629004986,0.01702746626019308,0.17607174882019613,0.7982504392906057
5824,0.0025645216416115956,0.0039683492540185964,0.19524298179149813,0.7982241473128716
8082,0.01420826742775446,0.04205205014501972,0.18722562240054128,0.7565140600266845
1838,0.2940463337483139,0.6246233805895788,0.02630088657356859,0.055029399088538634
2029,0.2489032270799307,0.6930084212595731,0.015298221499062676,0.04279013016143349
7448,0.0012226435191847376,0.004498550198311717,0.1427815355442182,0.8514972707382854
8810,0.015830162027291605,0.07113815087833407,0.17139458176138256,0.7416371053329917
3187,0.0020773761293894077,0.00793442161469819,0.12441505845442513,0.8655731438014873
2032,0.32297614287929416,0.6119146216089533,0.02022046192648383,0.04488877358526881
1743,0.2719452159358064,0.6634733476296538,0.018286293338286554,0.04629514309625332
1686,0.26906764316027687,0.6736754654712341,0.017362478191091463,0.03989441317739765
4224,0.0049308105389532985,0.011657830019660946,0.13844419729634658,0.8449671621450391
4225,0.0021521264508273194,0.005194013461527048,0.26355177985429484,0.7291020802333507
7661,0.2286335909091254,0.682960248328383,0.020824930348738006,0.06758123041375355
5105,0.0007743764319871985,0.003360372454938081,0.04591598567151696,0.9499492654415577
4817,0.44629130236033515,0.5053318703930206,0.0202552738676317,0.028121553379012537
5984,0.2760156507688315,0.6555800185790494,0.020033062693829047,0.04837126795829021
8603,0.25382390158616847,0.6945500024396969,0.01396017329780245,0.03766592267633228
7741,0.09443615003366022,0.5165629286848036,0.05657352862295883,0.33242739265857735
2395,0.3453869260507653,0.6309948815819415,0.006521154257427973,0.01709703810986527
9105,0.4046472845624734,0.5798371580244748,0.006024411987296644,0.009491145425755335
4522,0.3368685342550261,0.6379118113000459,0.007078790895711064,0.018140863549216988
7456,0.5416016482216955,0.4437999532903229,0.004208672775250286,0.010389725712731362
5825,0.005549452638270071,0.010070763662976077,0.21661268943851136,0.7677670942602425
1363,0.05839862156098376,0.14533716700364185,0.18751698200619019,0.6087472294291841
1364,0.05229092106833658,0.15691893685319236,0.19291707539643255,0.5978730666820385
8309,0.002814080054613274,0.007954062853053025,0.306873015477093,0.6823588416152407
8008,0.44172633560835717,0.5347296660102874,0.009213976116032063,0.014330022265323431
6109,0.4009194713807511,0.5307565683983856,0.02673960844557413,0.041584351775289075
9045,0.664824704464096,0.3244239720307881,0.0048812457501459525,0.0058700777549698145
9109,0.619212443478825,0.3638068249107728,0.005807840409498237,0.011172891200903935
3655,0.18072177630723632,0.10221432282075103,0.3774657671971143,0.33959813367489833
9103,0.044627004540276315,0.03864159614642786,0.44046232853947476,0.47626907077382113
1877,0.0008812465947456549,0.0040991669746632264,0.05328332558215443,0.9417362608484366
369,0.35954570932694874,0.486259151304372,0.05683037170426694,0.09736476766441224
6057,0.2079391448065262,0.657804204817586,0.03217902013156896,0.1020776302443189
8100,0.01990842599691941,0.06182266887991914,0.13099636829566072,0.7872725368275006
864,0.06737510376645503,0.0481098529714052,0.3788350215759163,0.5056800216862235
4519,0.6653071186354054,0.3256305115724083,0.0044423980336495165,0.0046199717585369395
8308,0.012169557532281062,0.01682655844584854,0.4005911268898764,0.5704127571319939
7808,0.022279660116964268,0.04596372324755603,0.47727304550531874,0.4544835711301609
843,0.00944943654141064,0.08776353198520268,0.06243493120372219,0.8403521002696646
8750,0.27432369737453843,0.6901640257780794,0.008461067512544723,0.0270512093348374
5138,0.18199196354564942,0.5913171765090192,0.06218547237161621,0.1645053875737152
6725,0.21799548784811773,0.5830594223825123,0.06593486894519987,0.13301022082417024
3368,0.368569942032143,0.6132753219582715,0.006801529766353835,0.01135320624323174
2484,0.24317303514337793,0.6696507518888927,0.020463242408018424,0.06671297055971102
7879,0.04375707888074417,0.10996002853408542,0.11857222708015698,0.7277106655050134
8809,0.16554989805892645,0.5681970903950433,0.06909912806197663,0.19715388348405366
8741,0.2480390532800869,0.6895277370141656,0.018384879174271503,0.044048330531476054
9162,0.411695250413496,0.5572595677092913,0.0072062010838249806,0.023838980793387775
8305,0.37082105433442464,0.5978414415849331,0.00869990911118874,0.0226375949694536
5888,0.3729065661086814,0.5744153732574562,0.020692037066548152,0.0319860235673143
1089,0.3698138229669078,0.6090147517868476,0.007275590120719625,0.013895835125524971
2610,0.03882676597102733,0.06922996690659994,0.2018318235692336,0.6901114435531391
3611,0.47668930284635547,0.4973634043456411,0.01097581078738476,0.014971482020618558
4554,0.23614978141669782,0.5062455561402897,0.09669815265626731,0.16090650978674523
273,0.020044579025396452,0.023230158847749108,0.474221412527806,0.4825038495990485
307,0.11595526202041395,0.08549861378209071,0.27505604637683706,0.5234900778206583
6798,0.44664871381943855,0.47435273966715497,0.032669752434985516,0.04632879407842106
8742,0.3206340999965216,0.3042466708572146,0.16796254089619542,0.2071566882500683
6362,0.008560205206150652,0.009803270609241278,0.29064487292524926,0.6909916512593588
1633,0.07019340076357876,0.11813893511866679,0.3103942671138511,0.5012733970039034
8304,0.6135726430026212,0.35132756646675817,0.018203279366366412,0.016896511164254262
2688,0.036654390934966176,0.04534835745796856,0.17277659633000927,0.745220655277056
1940,0.43713230051309904,0.4879740248654147,0.03188927612521965,0.043004398496266596
7740,0.5796211200625961,0.394975873090711,0.011162729737801648,0.014240277108891171
7071,0.6262649487430479,0.3195242867351026,0.03200589924813517,0.022204865273714392
3484,0.24799383740345857,0.21045633967242816,0.16434169144849797,0.3772081314756153
2963,0.4380526745304546,0.22023761195165378,0.2111743238527329,0.13053538966515865
1638,0.6259735443565253,0.3565379405965096,0.006713846028306356,0.010774669018658823
4479,0.326463403880615,0.6480120115779742,0.0073488839522071634,0.01817570058920363
7845,0.5669508291608286,0.39962183090998726,0.012192459780800224,0.021234880148383765
3810,0.35178994013111636,0.6287497071522451,0.005777685294456208,0.013682667422182396
7290,0.0008160852460097089,0.005688005946543066,0.21877769938046632,0.7747182094269809
7699,0.005657119038788077,0.017566757055244093,0.14739300127039795,0.8293831226355699
5541,0.4807919243297811,0.5029542433649014,0.006193208763568958,0.010060623541748605
6463,0.2099208201475602,0.6218848941263823,0.047353522752057245,0.12084076297400016
8385,0.5962208074246608,0.39130857607029085,0.004578217973124024,0.007892398531924435
8208,0.0073368467817946465,0.024082794815591422,0.15533995679567633,0.8132404016069374
2967,0.41402312484720977,0.4545875787223662,0.027096213713553814,0.1042930827168702
2640,0.234012795074859,0.6617368094766494,0.025653370173476985,0.07859702527501465
6625,0.29028798409491574,0.5901820982810808,0.030932822842319154,0.08859709478168414
1513,0.0005551807483563786,0.0032120302228663693,0.0716966889917454,0.9245361000370318
2131,0.0009897916829860966,0.006751644132305409,0.0974665341862729,0.8947920299984355
8430,0.17996932626710602,0.29823577175339455,0.17753423016873848,0.344260671810761
4659,0.09503202206948083,0.5398882167455984,0.0635316350410765,0.30154812614384424
1622,0.38522374346286103,0.4827696037833495,0.04828760870106268,0.08371904405272668
4291,0.0006006295212293414,0.0013677701044362191,0.046679188122173525,0.951352412252161
4710,0.007519500307881815,0.017963724096115016,0.10927423399949446,0.8652425415965088
3038,0.011310543782500139,0.02212961746521773,0.1616583260963302,0.8049015126559519
9236,0.002607254386104151,0.02794297981611879,0.11242008820418209,0.857029677593595
2682,0.0007276551544512654,0.004269376382077868,0.07865530658153036,0.9163476618819406
9084,0.006383974600915184,0.044578274251043666,0.13463873175221905,0.814399019395822
4380,0.00035513483791045056,0.0010442290281489888,0.08980992170636216,0.9087907144275784
1173,0.37213526941960484,0.5734415581902292,0.019791596434893796,0.034631575955272
7622,0.015594421271857005,0.02375893994738353,0.22109843544682817,0.7395482033339313
1621,0.0009678122321417412,0.0030032174612788878,0.12737562985039347,0.8686533404561858
2110,0.3537938847578581,0.5995192030140524,0.014010969857103032,0.032675942370986526
9119,0.0006941203062398488,0.0031583116645733274,0.1404160636823308,0.855731504346856
2970,0.019129616792835185,0.03569949745080819,0.16465192965996372,0.7805189560963929
1257,0.4198773273239883,0.526882267800823,0.019750084110779116,0.033490320764409554
7860,0.0007303049860455706,0.0032891772703241904,0.07649605189591459,0.9194844658477156
7266,0.00041295769580401205,0.0010142147311516254,0.024100584754718397,0.974472242818326
9224,0.005661942082640216,0.01090758481683177,0.1924500952154605,0.7909803778850676
5254,0.0015009683810828028,0.0028279950929992782,0.18642980107639906,0.8092412354495188
6016,0.003119168677526192,0.015862588948082346,0.2521853615700702,0.7288328808043213
6665,0.007399020072630654,0.022484077908477885,0.17350006420893888,0.7966168378099526
4626,0.3247704759639218,0.602904845464635,0.018495236193905158,0.053829442377538075
3373,0.009703749942715709,0.028345634269255387,0.11739319305450428,0.8445574227335247
8101,0.13920276375689258,0.36097098925580856,0.13759038598961928,0.3622358609976795
8873,0.0013063994183476085,0.006549662068837527,0.10492548255868464,0.8872184559541303
8251,0.10418222856153272,0.1483483657690446,0.33925827239375217,0.4082111332756705
1490,0.015225107998359614,0.03798253903897221,0.2603737435670259,0.6864186093956421
9106,0.20758486408151164,0.6620380477732621,0.03883692309268586,0.09154016505254044
9237,0.00024743588115009555,0.0015270122680665636,0.05522171386467446,0.9430038379861088
4625,0.004967528480907749,0.03318069054565533,0.13827900225007606,0.8235727787233609
5253,0.31731582363791794,0.5631495199482702,0.03187163790669724,0.0876630185071146
3955,0.14747359308690308,0.4964783302756647,0.08506313393986,0.27098494269757234
885,0.0009049182018632111,0.0027618611966943895,0.06324367544908382,0.9330895451523585
4091,0.3284994431089462,0.5465032905002392,0.042996855413268316,0.0820004109775463
9044,0.655411385290861,0.32783201537938117,0.007071609550708166,0.009684989779049621
9049,0.5072339873534086,0.3610452610561398,0.07989349099764118,0.05182726059281041
4652,0.3363856016874836,0.6159669969464355,0.012582201985089126,0.035065199380991785
3371,0.13449287517294348,0.3267378283047325,0.10895894403497385,0.42981035248735017
8964,0.46681580207275675,0.49761544734731195,0.008595402999410752,0.02697334758052065
1804,0.2521614274260322,0.7147902350109284,0.009375160614997382,0.02367317694804198
3662,0.13372127037752696,0.5140856568136756,0.06607226437512506,0.2861208084336725
7623,0.006022049213764515,0.01369893948431981,0.26078171088825963,0.7194973004136561
2132,0.5241005712512856,0.38792687847885665,0.044907471425956684,0.043065078843900984
8799,0.8196245171155827,0.1708017528483205,0.005189864741314735,0.004383865294782027
1507,0.2368647162041823,0.4419622386823183,0.12958684896919895,0.1915861961443004
8973,0.29671168695477496,0.675721577305096,0.007608173472285211,0.019958562267843875
3225,0.29951871022485677,0.34640183706620875,0.17192729602579548,0.18215215668313917
5762,0.26813218928166815,0.6128260189705522,0.028059767609721262,0.09098202413805846
6398,0.030366941976771908,0.05102519040894081,0.16905737963555068,0.7495504879787365
8923,0.17921144287659296,0.6620096970923248,0.030405535392330738,0.1283733246387516
3621,0.15119908636267224,0.5010539849128384,0.09091282018161656,0.2568341085428729
8287,0.00700417595114302,0.016039170516705364,0.14022388845711356,0.8367327650750379
8284,0.36453021884015024,0.539967144119778,0.028782709468630194,0.06671992757144159
8283,0.34770485175038535,0.5329356866201854,0.03250994084181648,0.0868495207876128
7564,0.00991054744057862,0.018573988721501865,0.18027273071407274,0.7912427331238467
8207,0.21001715010262487,0.6317919747165974,0.03421705403048392,0.1239738211502938
8877,0.32063691578005166,0.6059614297419441,0.018713952141845583,0.05468770233615863
9235,0.2992910337370728,0.5809040147339606,0.03309651081634056,0.08670844071262601
852,0.31488692188568934,0.549078945664617,0.029074063077450613,0.1069600693722431
3041,0.0015786070485009347,0.0028182347426566963,0.21726702490108213,0.7783361333077602
3370,0.39457064947433224,0.5365645815372032,0.024449372102044283,0.04441539688642028
4678,0.46048135244560695,0.4235102223353743,0.0423431353843096,0.0736652898347092
1256,0.01105946349113457,0.013049359715887825,0.28097936608481605,0.6949118107081614
5345,0.7145194630753464,0.26899136277349267,0.008678985107936093,0.007810189043224846
8853,0.49926464538941573,0.40398970576265464,0.04650411757645463,0.050241531271474904
4002,0.2537227819657623,0.6808833762233739,0.013671979659526856,0.0517218621513369
5939,0.009283656842987502,0.052755782601758304,0.22919217206595796,0.7087683884892962
1489,0.179811543526099,0.5823540949932082,0.04795391777162323,0.18988044370906948
2968,0.10199800338018448,0.31102480311992825,0.09901250948483845,0.48796468401504894
8206,0.20092226635508384,0.5571324054153725,0.0708199293359532,0.17112539889359052
9231,0.30316076218687127,0.32970249857779127,0.1709927634883508,0.19614397574698667
2927,0.7401129718405338,0.24071586451610302,0.009209500685364731,0.00996166295799834
1508,0.2092560097949374,0.5344111813079714,0.05765397563803236,0.19867883325905897
2785,0.0017656926484271405,0.008501393140523108,0.11734074745412744,0.8723921667569224
2989,0.0007087219776908042,0.002796017122298585,0.1444057673543603,0.8520894935456503
869,0.25470863044050424,0.6835261342413084,0.011750144479059884,0.05001509083912745
4059,0.00041694076814415877,0.0019517473565578986,0.06959959730112728,0.9280317145741706
7239,0.008988739487372928,0.07637861492041358,0.1278224205254477,0.7868102250667658
3839,0.019267436207454438,0.02910981888803586,0.17288160737748193,0.7787411375270277
4062,0.30861451077874275,0.668657711015093,0.005218418679755981,0.0175093595264083
6998,0.00310577117261137,0.004684957014499684,0.14944783548115353,0.8427614363317354
3445,0.6507951942903277,0.29460018328700505,0.03167821751928753,0.022926404903379858
4970,0.0010791080764377145,0.0032272142716547663,0.03703168771319289,0.9586619899387147
8833,0.0013886175877425128,0.002967847803863648,0.034452965772058246,0.9611905688363355
7635,0.000687002008494303,0.003297709561540449,0.11175667696212664,0.8842586114678386
7511,0.3555979672481818,0.5917381005790894,0.015299150496310398,0.03736478167641838
2806,0.0006990802840963762,0.0039758861790589435,0.0967353329399462,0.8985897005968986
4462,0.047183519451017945,0.11149713992489951,0.12708782157458834,0.7142315190494942
6776,0.17130848244287805,0.6518275276478163,0.04708321838078466,0.12978077152852108
7490,0.007804595295242409,0.055840818807155246,0.14015697124217016,0.7961976146554322
3443,0.0005668222198021767,0.002337519846827743,0.0576823207894601,0.9394133371439101
7234,0.0005970709243947459,0.0031632196188700317,0.06110866146313216,0.935131047993603
6770,0.21330599896851227,0.6267832076884586,0.03443877477751646,0.1254720185655127
3090,0.002802256387428631,0.010148307775947156,0.10777055206942603,0.8792788837671981
5861,0.01787390937226591,0.03141276553813042,0.16467235450865836,0.7860409705809454
3086,0.00024498910223252896,0.0007703410965902056,0.03146994514157925,0.9675147246595981
1607,0.0003758044791003412,0.0009810305090136617,0.11086973399261348,0.8877734310192725
769,0.10789440764858416,0.17043691805707983,0.2071691453858511,0.5144995289084849
5028,0.0018353671903307241,0.006017432160568089,0.12907074196622553,0.8630764586828756
3466,0.012334551998043472,0.025183354496019,0.18182827614295466,0.7806538173629829
775,0.1157048183244839,0.19696856498648274,0.19312842567013008,0.49419819101890317
6988,0.37658111195616273,0.5640383495367983,0.022073076198506424,0.037307462308532546
5343,0.3637056750725955,0.4114111594880809,0.11212950756360875,0.11275365787571481
724,0.20327159837014908,0.7339299842038118,0.01643350141732913,0.04636491600871007
1545,0.0009818915456378588,0.003321400315737695,0.14843715183798953,0.8472595563006349
5182,0.36668751722658194,0.6168400082472213,0.005012561821487247,0.011459912704709559
6653,0.4123764431976867,0.5755640974173392,0.002752792631446568,0.009306666753527697
4755,0.17598123126858253,0.5793072887355278,0.04572726604246578,0.19898421395342386
4873,0.002250802575286676,0.01432768181135767,0.22127529630668608,0.7621462193066696
5202,0.055263722863025486,0.16092306554957037,0.2065665278428205,0.5772466837445837
3547,0.0002559467964249707,0.0007562901839781228,0.0293236971964444,0.9696640658231525
1639,0.0015417384866531795,0.017054948381679435,0.037925440008887985,0.9434778731227794
4761,0.002619378214956619,0.00798621728689564,0.19958878873141372,0.789805615766734
6484,0.4186134839049055,0.5550165838515878,0.006951283775509925,0.019418648467996878
3476,0.022922700726815744,0.025541809503746925,0.2299460988557265,0.7215893909137109
4061,0.058233797053226816,0.16384828931755802,0.16330844322941668,0.6146094703997985
7078,0.5883114097125007,0.341195419179423,0.03740998002529008,0.033083191082786255
1272,0.00036776053437116577,0.0012574038479632507,0.031230642102843684,0.967144193514822
4058,0.0004663925679308623,0.0034007652185560093,0.02440385887057371,0.9717289833429394
695,0.0007699741796802123,0.003552514579006581,0.07332244057259085,0.9223550706687225
803,0.001062473185969285,0.005028615010763967,0.1713558854866358,0.8225530263166311
6426,0.4668078333428291,0.5225579244166776,0.0030542206759299594,0.007580021564563295
3938,0.5424397880953529,0.4422959002854257,0.007481577782420838,0.007782733836800572
5618,0.38802112131320887,0.5987581282755933,0.004298356095448012,0.008922394315749793
780,0.00014897146397330863,0.0005225474832037405,0.014664746147097217,0.9846637349057258
7873,0.048061814740454144,0.12463917515022105,0.14448980512986367,0.6828092049794612
2348,0.48307826388836955,0.49145782644762437,0.00899487428881659,0.0164690353751896
4601,0.013592083749193993,0.012420289736498951,0.35720086164803366,0.6167867648662735
1543,0.06828405212021142,0.09335220213756726,0.22822215857214112,0.6101415871700802
2673,0.0259127374567737,0.03666837940189081,0.23861362529196398,0.6988052578493715
4919,0.264833112656664,0.6463870075750264,0.025704439264991132,0.06307544050331841
4796,0.0006341059969619086,0.0024947009106097576,0.0527752972628565,0.9440958958295719
4259,0.008002922315813754,0.03350831604680215,0.2338008495571856,0.7246879120801984
1030,0.012804075145112418,0.038461225144516116,0.17473429402807916,0.7740004056822923
5991,0.13356197210835838,0.6431369624302536,0.05219440031949644,0.17110666514189155
3120,0.13055882948747724,0.6796803201940186,0.042792517854408144,0.14696833246409613
4871,0.0006255624756443652,0.0025112314453155063,0.0956974930410777,0.9011657130379624
7339,0.29503593979481124,0.6843655847416689,0.005046801067276177,0.01555167439624381
5198,0.0009717406981802529,0.005042734998440169,0.12262397704345707,0.8713615472599225
5395,0.46561490417902196,0.5074408104987176,0.009811605913253193,0.0171326794090073
4170,0.002561644047602258,0.009476833595980024,0.1663703189872137,0.8215912033692041
5915,0.3927657398713044,0.5788877782277284,0.009601463500049373,0.018745018400917718
1973,0.3596917934833674,0.6232181638063048,0.005261123321619156,0.011828919388708697
5725,0.007921677810289499,0.051695517875964034,0.17175950376274854,0.768623300550998
3457,0.0008122873602208185,0.0036935286149838513,0.07667727056873164,0.9188169134560636
2212,0.0006150983463510582,0.002132520101746029,0.13534805808817701,0.8619043234637259
5055,0.00019140700226940197,0.0007095614525010043,0.02989803373416814,0.9692009978110615
4908,0.49792256329454,0.484653507609508,0.004813337970827056,0.012610591125124979
2193,0.32156097321531124,0.6595552606682493,0.004948069993352487,0.013935696123086967
6118,0.3219741565090813,0.6228109347114551,0.01340419189889888,0.041810716880564675
5183,0.3186640888793195,0.6589262963202991,0.005549613799039659,0.0168600010013418
1605,0.0010351577277939491,0.0026848832977596927,0.13025239814284056,0.8660275608316058
2159,0.25834880867503757,0.43086764885824236,0.12230297416927756,0.18848056829744256
6101,0.006541716987735093,0.02433359965534298,0.38369888405551233,0.5854257993014096
840,0.3066606002512059,0.6675147157326795,0.005572614836916602,0.020252069179197876
4430,0.4621420693869297,0.5247983189745667,0.003466952538398706,0.009592659100104874
1847,0.7138163744842904,0.26740963464407835,0.010158370493343314,0.008615620378287937
2145,0.6635762466945039,0.318522176958827,0.008501586533306932,0.009399989813362132
2146,0.6240317254871676,0.36352850305578127,0.006301277875754544,0.006138493581296613
5216,0.008804869364353552,0.011300384756065797,0.4624949079222419,0.5173998379573388
2363,0.00557708344675436,0.03226982443535511,0.11151641872320563,0.8506366733946849
5232,0.0006354701210778379,0.0031409629938607764,0.08455999582607168,0.9116635710589897
6065,0.27402579982188713,0.6050617003993213,0.03140847020904612,0.08950402956974551
2160,0.007231198724630218,0.028125469739689112,0.17100561608029743,0.7936377154553833
3850,0.002905477937954388,0.003906425589784635,0.269252635777272,0.7239354606949889
6133,0.45047160696664573,0.4954605114987599,0.023658294580208208,0.030409586954386173
5608,0.003631245904687205,0.007906714504182191,0.26047417478938845,0.7279878648017422
2486,0.5847651134230146,0.39388232692550507,0.009349136871175424,0.012003422780304893
5079,0.018211988252446475,0.0174443488118107,0.372760805541196,0.5915828573945469
1111,0.35865733031849745,0.6190636392454452,0.0048605605657579005,0.017418469870299484
2362,0.0023313348372880007,0.01325942108329999,0.13292255321870558,0.8514866908607064
4920,0.0021181281359520534,0.0040998876522561345,0.23900003556000024,0.7547819486517916
2350,0.6208188406084119,0.35947350232003594,0.00556893939292526,0.014138717678626803
5233,0.372052921598942,0.6081890635996178,0.007165259794262684,0.012592755007177561
4656,0.4869354050638733,0.4976407133349035,0.004159251781470784,0.011264629819752446
4599,0.3067014410949254,0.6327885067347346,0.018466195226132572,0.04204385694420739
7329,0.23085737952570248,0.7282909317396277,0.010672485684207457,0.030179203050462573
7233,0.2950882615733206,0.5456702187117922,0.05235734288019463,0.10688417683469259
5514,0.0010049447297810399,0.004040848322722809,0.15356545039358474,0.8413887565539114
2578,0.3572930623767998,0.6203876968938775,0.0066758096558229086,0.015643431073499886
3363,0.29811920355785637,0.6320509776113604,0.02074081208380549,0.049089006746977706
2243,0.42621333279751633,0.5462086522214847,0.010230600976925077,0.01734741400407382
3851,0.0004776529499747367,0.0021827439224964516,0.12136158499570343,0.8759780181318254
3928,0.0029808821475587233,0.010943949355426075,0.22438207690847192,0.7616930915885433
1091,0.001986003766331578,0.008266586040640095,0.12147631717001223,0.8682710930230161
4140,0.2742708547478002,0.5547904496271334,0.052995334616514386,0.11794336100855214
774,0.09665816776463074,0.09965793184368707,0.22771743578623732,0.5759664646054449
6462,0.26004200172059694,0.6692571888052928,0.02019962473444822,0.05050118473966187
4184,0.0007515445104171517,0.0025162586701505344,0.08775674935740721,0.908975447462025
3076,0.03466397806413453,0.04675809143455411,0.3326623621121014,0.5859155683892101
1849,0.35428910848498235,0.44325070505815534,0.0920264988864049,0.11043368757045736
6354,0.03356454283558915,0.20876230786664413,0.2729396509382335,0.48473349835953317
2361,0.10073803452581158,0.14980427316876527,0.2632648974085859,0.4861927948968373
2144,0.4886769333007678,0.4615679222824549,0.02166011940242525,0.02809502501435196
1450,0.033272856030933204,0.049807366750846405,0.3013772578908054,0.615542519327415
4354,0.539557387618409,0.4139154968191349,0.02191138856749446,0.024615726994961677
2956,0.0035618501924059814,0.009111974032612769,0.2596363367414515,0.7276898390335299
5044,0.3500007299536383,0.6161343796437065,0.01063167464721592,0.023233215755439313
2211,0.6216544955205513,0.3325449556322986,0.022828539713516394,0.02297200913363371
1566,0.4499431076177559,0.5021825817541206,0.01369810069009925,0.0341762099380243
3148,0.09633896458584879,0.13330021055881186,0.28747783211192257,0.48288299274341684
6490,0.011050543034691428,0.029996836883448993,0.1265664638401785,0.8323861562416812
7016,0.006494310892450746,0.008649459618274975,0.11308769187185687,0.8717685376174173
4063,0.47776158707400235,0.502404463046765,0.007165565381829432,0.012668384497403273
6466,0.3251675857644576,0.6387337818256442,0.01290960904161073,0.02318902336828737
9372,0.5035792023576414,0.4861922739531176,0.003182422434840859,0.00704610125440022
6837,0.33540526265952775,0.6092419273866915,0.015004476204287007,0.04034833374949387
4060,0.0015940972286719104,0.008456526260585644,0.2240489615584332,0.7659004149523092
3123,0.5322289400370283,0.4491069761381981,0.005946468177938812,0.012717615646834757
5072,0.3853632306607729,0.5669505329862882,0.019181583118006214,0.02850465323493274
912,0.4825023035154672,0.44948330661958147,0.03203542226935221,0.035978967595599216
2438,0.11427959753544116,0.15046264884048732,0.2673603047041724,0.4678974489198991
4065,0.677279964288513,0.30330240627917127,0.009699772537966583,0.00971785689434938
4265,0.674738075385773,0.2874075163154411,0.02299509522364285,0.014859313075143012
5045,0.6754279995027903,0.26248647807022274,0.03777598591179086,0.024309536515196108
4737,0.0043194236863848086,0.009650521848785818,0.333151420646163,0.6528786338186664
6885,0.2747622587056262,0.6735747207569146,0.016525211641260664,0.03513780889619856
2245,0.36505611254985154,0.5792693050898857,0.021743614357501263,0.03393096800276146
5651,0.5401195390922249,0.4347938543237622,0.009963049360503308,0.015123557223509488
1697,0.0002747938093239342,0.0009360517316185263,0.0478084033092339,0.9509807511498236
2675,0.023634592788311527,0.031617928159056174,0.17156011867420787,0.7731873603784244
1311,0.000674757624405359,0.002586044508580818,0.0763411426678696,0.9203980551991443
970,0.24757016947355498,0.6308290207369656,0.028041557123952177,0.09355925266552748
1712,0.010514401550454355,0.03178495691012581,0.11625391565584484,0.841446725883575
1391,0.0006690146214631723,0.0033597448491794178,0.03099609475709563,0.9649751457722617
1709,0.0023609987514991845,0.0036197720996727833,0.1345928248062088,0.8594264043426193
378,0.0003774779455645433,0.0006144954065902098,0.030049856837680557,0.9689581698101647
365,0.0027346682897121124,0.010074534550427979,0.10257724359221958,0.8846135535676403
363,0.0006310149554052101,0.0020368597943754133,0.08354900206905053,0.9137831231811688
1356,0.49891524293659145,0.4811405205816359,0.007284860346497095,0.01265937613527561
1355,0.0004494858192328088,0.001711398888775492,0.10589883567646648,0.8919402796155252
5386,0.005861298530421659,0.03955542166284566,0.0849791036908342,0.8696041761158985
553,0.004685974999428033,0.007773037965578065,0.10411440938534537,0.8834265776496485
6917,0.07014320387319027,0.23074701464316755,0.25493353280837083,0.44417624867527133
8148,0.0024423020720036183,0.020374963171627652,0.09971086062471236,0.8774718741316564
7298,0.003159802343766896,0.03037095269259972,0.14194031558672535,0.824528929376908
7328,0.30004691979867565,0.6344879925195775,0.022352229310023394,0.043112858371723385
2323,0.0026980488362799357,0.01638982862751581,0.1858648486376292,0.795047273898575
